BEGIN LEVEL
BEGIN SPEED
180
END SPEED
BEGIN OUTLINE
130,270
130,330
220,330
220,390
580,390
580,330
670,330
670,270
580,270
580,210
220,210
220,270
END OUTLINE
BEGIN STARTAREA
130,270
130,330
220,330
220,270
END STARTAREA
BEGIN FINISHAREA
670,270
670,330
580,330
580,270
END FINISHAREA
BEGIN STARTINGPOS
175,300
END STARTINGPOS
BEGIN OBSTACLES
7,235,375,235,225
7,265,225,265,375
7,295,375,295,225
7,325,225,325,375
7,355,375,355,225
7,385,225,385,375
7,415,375,415,225
7,445,225,445,375
7,475,375,475,225
7,505,225,505,375
7,535,375,535,225
7,565,225,565,375
END OBSTACLES
BEGIN COINS
400,300
END COINS
END LEVEL